              precision    recall  f1-score   support

           0       0.24      0.22      0.23        27
           1       0.54      0.34      0.42       180
           2       0.71      0.84      0.77       302
           3       0.79      0.63      0.70       146
           4       0.16      0.17      0.16        30
           5       0.42      0.16      0.24        67
           6       0.52      0.68      0.59       190
           7       0.35      0.40      0.37        81
           8       0.57      0.39      0.46        84
           9       0.43      0.37      0.40        60
          10       0.57      0.54      0.55       347
          11       0.54      0.77      0.63       377
          12       0.32      0.41      0.36        99
          13       0.56      0.30      0.39       179
          14       0.41      0.21      0.28        77
          15       0.00      0.00      0.00         3

    accuracy                           0.55      2249
   macro avg       0.45      0.40      0.41      2249
weighted avg       0.55      0.55      0.53      2249
