              precision    recall  f1-score   support

           0       0.74      0.38      0.51       452
           1       0.33      0.46      0.39       157
           2       0.62      0.83      0.71       362
           3       0.74      0.80      0.77       525
           4       0.26      0.50      0.35       117
           5       0.56      0.43      0.49       204
           6       0.73      0.72      0.72       562
           7       0.71      0.29      0.42       256
           8       0.69      0.80      0.74      1178
           9       0.28      0.27      0.27       114
          10       0.68      0.44      0.53       497
          11       0.56      0.77      0.65       798
          12       0.70      0.61      0.65       623
          13       0.60      0.36      0.45       299
          14       0.51      0.27      0.36       131
          15       0.25      0.45      0.32        53
          16       0.54      0.56      0.55       379

    accuracy                           0.62      6707
   macro avg       0.56      0.53      0.52      6707
weighted avg       0.64      0.62      0.61      6707
